list(T=c(5.88359E+01, 5.85065E+01, 5.71031E+01, 5.67888E+01, 5.08348E+01, 5.76020E+01, 5.16093E+01, 5.21496E+01, 5.15047E+01, 5.80609E+01))
