list(T=c(9.38679E+01, 9.08720E+01, 9.90154E+01, 9.72811E+01, 9.31651E+01, 9.04242E+01, 9.25960E+01, 9.43740E+01, 9.91511E+01, 9.69843E+01))
