list(T=c(7.99566E+01, 8.43309E+01, 8.28762E+01, 7.91494E+01, 7.56571E+01, 8.12315E+01, 8.21687E+01, 7.75074E+01, 7.83479E+01, 7.60610E+01))
