list(n=5.00E+02, J=7.00E+00, x= structure(.Data= c(4.00E+00, 5.00E+00, 4.00E+00, 4.00E+00, 4.00E+00, 3.00E+00, 4.00E+00, 4.00E+00, 2.00E+00, 2.00E+00, 2.00E+00, 2.00E+00, 2.00E+00, 4.00E+00, 3.00E+00, 2.00E+00, 2.00E+00, 2.00E+00, 2.00E+00, 3.00E+00, 3.00E+00, 4.00E+00, 3.00E+00, 3.00E+00, 3.00E+00, 3.00E+00, 2.00E+00, 3.00E+00, 3.00E+00, 4.00E+00, 4.00E+00, 3.00E+00, 3.00E+00, 3.00E+00, 3.00E+00, 4.00E+00, 3.00E+00, 3.00E+00, 4.00E+00, 3.00E+00, 3.00E+00, 4.00E+00, 5.00E+00, 3.00E+00, 5.00E+00, 5.00E+00, 5.00E+00, 3.00E+00, 5.00E+00, 4.00E+00, 4.00E+00, 4.00E+00, 4.00E+00, 4.00E+00, 4.00E+00, 4.00E+00, 4.00E+00, 3.00E+00, 3.00E+00, 3.00E+00, 3.00E+00, 4.00E+00, 4.00E+00, 4.00E+00, 3.00E+00, 4.00E+00, 3.00E+00, 3.00E+00, 5.00E+00, 5.00E+00, 3.00E+00, 2.00E+00, 3.00E+00, 3.00E+00, 2.00E+00, 2.00E+00, 2.00E+00, 3.00E+00, 3.00E+00, 3.00E+00, 3.00E+00, 3.00E+00, 4.00E+00, 3.00E+00, 5.00E+00, 4.00E+00, 4.00E+00, 4.00E+00, 5.00E+00, 3.00E+00, 5.00E+00, 4.00E+00, 3.00E+00, 3.00E+00, 3.00E+00, 3.00E+00, 4.00E+00, 4.00E+00, 3.00E+00, 2.00E+00, 3.00E+00, 2.00E+00, 3.00E+00, 3.00E+00, 3.00E+00, 4.00E+00, 2.00E+00, 2.00E+00, 4.00E+00, 3.00E+00, 3.00E+00, 3.00E+00, 5.00E+00, 5.00E+00, 5.00E+00, 5.00E+00, 5.00E+00, 5.00E+00, 5.00E+00, 3.00E+00, 3.00E+00, 4.00E+00, 4.00E+00, 3.00E+00, 3.00E+00, 4.00E+00, 3.00E+00, 3.00E+00, 4.00E+00, 3.00E+00, 3.00E+00, 4.00E+00, 3.00E+00, 4.00E+00, 4.00E+00, 4.00E+00, 3.00E+00, 3.00E+00, 3.00E+00, 3.00E+00, 4.00E+00, 3.00E+00, 4.00E+00, 4.00E+00, 3.00E+00, 4.00E+00, 3.00E+00, 2.00E+00, 2.00E+00, 3.00E+00, 2.00E+00, 2.00E+00, 3.00E+00, 1.00E+00, 3.00E+00, 4.00E+00, 4.00E+00, 4.00E+00, 4.00E+00, 4.00E+00, 4.00E+00, 4.00E+00, 4.00E+00, 3.00E+00, 3.00E+00, 3.00E+00, 3.00E+00, 4.00E+00, 5.00E+00, 5.00E+00, 5.00E+00, 5.00E+00, 5.00E+00, 5.00E+00, 5.00E+00, 5.00E+00, 3.00E+00, 3.00E+00, 5.00E+00, 4.00E+00, 4.00E+00, 3.00E+00, 4.00E+00, 2.00E+00, 2.00E+00, 2.00E+00, 3.00E+00, 4.00E+00, 3.00E+00, 4.00E+00, 3.00E+00, 3.00E+00, 4.00E+00, 3.00E+00, 4.00E+00, 4.00E+00, 5.00E+00, 3.00E+00, 4.00E+00, 4.00E+00, 5.00E+00, 5.00E+00, 5.00E+00, 4.00E+00, 3.00E+00, 4.00E+00, 3.00E+00, 4.00E+00, 4.00E+00, 4.00E+00, 4.00E+00, 3.00E+00, 4.00E+00, 4.00E+00, 4.00E+00, 3.00E+00, 4.00E+00, 3.00E+00, 4.00E+00, 3.00E+00, 4.00E+00, 4.00E+00, 4.00E+00, 4.00E+00, 4.00E+00, 4.00E+00, 4.00E+00, 4.00E+00, 3.00E+00, 3.00E+00, 1.00E+00, 4.00E+00, 3.00E+00, 4.00E+00, 3.00E+00, 3.00E+00, 3.00E+00, 4.00E+00, 3.00E+00, 2.00E+00, 1.00E+00, 2.00E+00, 2.00E+00, 2.00E+00, 3.00E+00, 4.00E+00, 4.00E+00, 4.00E+00, 4.00E+00, 4.00E+00, 4.00E+00, 4.00E+00, 3.00E+00, 2.00E+00, 3.00E+00, 3.00E+00, 2.00E+00, 4.00E+00, 3.00E+00, 3.00E+00, 2.00E+00, 2.00E+00, 3.00E+00, 3.00E+00, 3.00E+00, 3.00E+00, 3.00E+00, 2.00E+00, 4.00E+00, 2.00E+00, 4.00E+00, 2.00E+00, 3.00E+00, 3.00E+00, 3.00E+00, 4.00E+00, 3.00E+00, 3.00E+00, 2.00E+00, 3.00E+00, 3.00E+00, 3.00E+00, 3.00E+00, 3.00E+00, 5.00E+00, 5.00E+00, 5.00E+00, 1.00E+00, 1.00E+00, 1.00E+00, 1.00E+00, 1.00E+00, 3.00E+00, 2.00E+00, 5.00E+00, 5.00E+00, 5.00E+00, 5.00E+00, 5.00E+00, 5.00E+00, 4.00E+00, 3.00E+00, 1.00E+00, 3.00E+00, 3.00E+00, 4.00E+00, 4.00E+00, 3.00E+00, 5.00E+00, 5.00E+00, 5.00E+00, 5.00E+00, 5.00E+00, 5.00E+00, 5.00E+00, 4.00E+00, 4.00E+00, 4.00E+00, 4.00E+00, 4.00E+00, 4.00E+00, 4.00E+00, 2.00E+00, 3.00E+00, 2.00E+00, 2.00E+00, 3.00E+00, 2.00E+00, 4.00E+00, 3.00E+00, 3.00E+00, 3.00E+00, 4.00E+00, 3.00E+00, 2.00E+00, 3.00E+00, 5.00E+00, 3.00E+00, 3.00E+00, 3.00E+00, 4.00E+00, 5.00E+00, 2.00E+00, 3.00E+00, 1.00E+00, 3.00E+00, 3.00E+00, 4.00E+00, 3.00E+00, 2.00E+00, 3.00E+00, 3.00E+00, 3.00E+00, 3.00E+00, 3.00E+00, 2.00E+00, 3.00E+00, 2.00E+00, 2.00E+00, 2.00E+00, 2.00E+00, 3.00E+00, 3.00E+00, 3.00E+00, 4.00E+00, 4.00E+00, 3.00E+00, 4.00E+00, 4.00E+00, 3.00E+00, 4.00E+00, 3.00E+00, 4.00E+00, 4.00E+00, 3.00E+00, 5.00E+00, 3.00E+00, 3.00E+00, 3.00E+00, 1.00E+00, 2.00E+00, 3.00E+00, 3.00E+00, 4.00E+00, 3.00E+00, 4.00E+00, 4.00E+00, 4.00E+00, 4.00E+00, 4.00E+00, 4.00E+00, 4.00E+00, 4.00E+00, 5.00E+00, 5.00E+00, 4.00E+00, 5.00E+00, 4.00E+00, 4.00E+00, 4.00E+00, 2.00E+00, 2.00E+00, 3.00E+00, 2.00E+00, 2.00E+00, 3.00E+00, 4.00E+00, 3.00E+00, 3.00E+00, 4.00E+00, 3.00E+00, 3.00E+00, 4.00E+00, 4.00E+00, 3.00E+00, 4.00E+00, 4.00E+00, 4.00E+00, 2.00E+00, 3.00E+00, 1.00E+00, 1.00E+00, 1.00E+00, 1.00E+00, 3.00E+00, 3.00E+00, 3.00E+00, 3.00E+00, 2.00E+00, 3.00E+00, 3.00E+00, 3.00E+00, 3.00E+00, 4.00E+00, 5.00E+00, 5.00E+00, 5.00E+00, 5.00E+00, 5.00E+00, 5.00E+00, 5.00E+00, 3.00E+00, 2.00E+00, 2.00E+00, 2.00E+00, 3.00E+00, 3.00E+00, 3.00E+00, 4.00E+00, 4.00E+00, 3.00E+00, 4.00E+00, 4.00E+00, 2.00E+00, 4.00E+00, 4.00E+00, 4.00E+00, 4.00E+00, 4.00E+00, 4.00E+00, 4.00E+00, 4.00E+00, 4.00E+00, 3.00E+00, 3.00E+00, 4.00E+00, 4.00E+00, 4.00E+00, 4.00E+00, 4.00E+00, 5.00E+00, 5.00E+00, 5.00E+00, 4.00E+00, 5.00E+00, 4.00E+00, 5.00E+00, 4.00E+00, 4.00E+00, 4.00E+00, 4.00E+00, 5.00E+00, 5.00E+00, 5.00E+00, 4.00E+00, 5.00E+00, 5.00E+00, 4.00E+00, 5.00E+00, 5.00E+00, 4.00E+00, 3.00E+00, 3.00E+00, 3.00E+00, 3.00E+00, 4.00E+00, 4.00E+00, 4.00E+00, 2.00E+00, 2.00E+00, 2.00E+00, 2.00E+00, 3.00E+00, 2.00E+00, 5.00E+00, 3.00E+00, 3.00E+00, 3.00E+00, 3.00E+00, 4.00E+00, 5.00E+00, 3.00E+00, 1.00E+00, 1.00E+00, 1.00E+00, 1.00E+00, 1.00E+00, 1.00E+00, 4.00E+00, 3.00E+00, 3.00E+00, 2.00E+00, 3.00E+00, 4.00E+00, 5.00E+00, 3.00E+00, 2.00E+00, 2.00E+00, 2.00E+00, 2.00E+00, 3.00E+00, 2.00E+00, 1.00E+00, 1.00E+00, 1.00E+00, 1.00E+00, 1.00E+00, 3.00E+00, 3.00E+00, 4.00E+00, 3.00E+00, 3.00E+00, 4.00E+00, 4.00E+00, 4.00E+00, 4.00E+00, 4.00E+00, 3.00E+00, 4.00E+00, 3.00E+00, 4.00E+00, 4.00E+00, 4.00E+00, 5.00E+00, 3.00E+00, 3.00E+00, 4.00E+00, 3.00E+00, 3.00E+00, 5.00E+00, 5.00E+00, 4.00E+00, 4.00E+00, 4.00E+00, 4.00E+00, 4.00E+00, 4.00E+00, 3.00E+00, 3.00E+00, 4.00E+00, 4.00E+00, 4.00E+00, 4.00E+00, 4.00E+00, 4.00E+00, 4.00E+00, 3.00E+00, 3.00E+00, 4.00E+00, 4.00E+00, 4.00E+00, 5.00E+00, 5.00E+00, 5.00E+00, 5.00E+00, 5.00E+00, 5.00E+00, 4.00E+00, 4.00E+00, 4.00E+00, 4.00E+00, 5.00E+00, 4.00E+00, 4.00E+00, 3.00E+00, 4.00E+00, 5.00E+00, 5.00E+00, 5.00E+00, 5.00E+00, 3.00E+00, 4.00E+00, 5.00E+00, 4.00E+00, 4.00E+00, 4.00E+00, 4.00E+00, 4.00E+00, 5.00E+00, 5.00E+00, 5.00E+00, 5.00E+00, 5.00E+00, 5.00E+00, 5.00E+00, 4.00E+00, 5.00E+00, 5.00E+00, 5.00E+00, 5.00E+00, 4.00E+00, 4.00E+00, 5.00E+00, 4.00E+00, 4.00E+00, 4.00E+00, 4.00E+00, 3.00E+00, 3.00E+00, 4.00E+00, 4.00E+00, 2.00E+00, 2.00E+00, 2.00E+00, 2.00E+00, 3.00E+00, 3.00E+00, 4.00E+00, 4.00E+00, 4.00E+00, 4.00E+00, 5.00E+00, 4.00E+00, 4.00E+00, 1.00E+00, 1.00E+00, 1.00E+00, 1.00E+00, 1.00E+00, 2.00E+00, 4.00E+00, 5.00E+00, 3.00E+00, 3.00E+00, 5.00E+00, 3.00E+00, 4.00E+00, 4.00E+00, 5.00E+00, 3.00E+00, 3.00E+00, 4.00E+00, 4.00E+00, 3.00E+00, 4.00E+00, 4.00E+00, 5.00E+00, 4.00E+00, 4.00E+00, 4.00E+00, 4.00E+00, 3.00E+00, 3.00E+00, 2.00E+00, 3.00E+00, 2.00E+00, 3.00E+00, 3.00E+00, 3.00E+00, 4.00E+00, 3.00E+00, 3.00E+00, 4.00E+00, 3.00E+00, 4.00E+00, 4.00E+00, 3.00E+00, 3.00E+00, 3.00E+00, 3.00E+00, 3.00E+00, 5.00E+00, 5.00E+00, 2.00E+00, 2.00E+00, 2.00E+00, 2.00E+00, 1.00E+00, 3.00E+00, 3.00E+00, 4.00E+00, 3.00E+00, 3.00E+00, 3.00E+00, 3.00E+00, 3.00E+00, 3.00E+00, 4.00E+00, 3.00E+00, 3.00E+00, 4.00E+00, 3.00E+00, 4.00E+00, 3.00E+00, 5.00E+00, 4.00E+00, 5.00E+00, 4.00E+00, 5.00E+00, 5.00E+00, 5.00E+00, 2.00E+00, 1.00E+00, 3.00E+00, 2.00E+00, 1.00E+00, 3.00E+00, 2.00E+00, 4.00E+00, 4.00E+00, 4.00E+00, 4.00E+00, 4.00E+00, 4.00E+00, 4.00E+00, 4.00E+00, 3.00E+00, 4.00E+00, 4.00E+00, 3.00E+00, 3.00E+00, 4.00E+00, 4.00E+00, 4.00E+00, 3.00E+00, 4.00E+00, 5.00E+00, 5.00E+00, 5.00E+00, 4.00E+00, 3.00E+00, 3.00E+00, 3.00E+00, 4.00E+00, 3.00E+00, 2.00E+00, 3.00E+00, 3.00E+00, 3.00E+00, 3.00E+00, 4.00E+00, 3.00E+00, 4.00E+00, 2.00E+00, 2.00E+00, 2.00E+00, 2.00E+00, 2.00E+00, 2.00E+00, 3.00E+00, 4.00E+00, 2.00E+00, 4.00E+00, 4.00E+00, 5.00E+00, 4.00E+00, 5.00E+00, 2.00E+00, 2.00E+00, 2.00E+00, 1.00E+00, 3.00E+00, 1.00E+00, 2.00E+00, 3.00E+00, 2.00E+00, 3.00E+00, 4.00E+00, 2.00E+00, 3.00E+00, 3.00E+00, 3.00E+00, 2.00E+00, 4.00E+00, 2.00E+00,