list(d= structure(.Data= c( NA, 1.00E+00, -1.00E+00, -2.00E+00, -3.00E+00,  NA, 1.00E+00, -1.00E+00, -2.00E+00, -3.00E+00,  NA, 1.00E+00, -1.00E+00, -2.00E+00, -3.00E+00,  NA, 1.00E+00, -1.00E+00, -2.00E+00, -3.00E+00,  NA, 1.00E+00, -1.00E+00, -2.00E+00, -3.00E+00,  NA, 1.00E+00, -1.00E+00, -2.00E+00, -3.00E+00,  NA, 1.00E+00, -1.00E+00, -2.00E+00, -3.00E+00), .Dim=c(7, 5)), a=c(1.00E+00, 1.00E+00, 1.00E+00, 1.00E+00, 1.00E+00, 1.00E+00, 1.00E+00))
