list(pi_plus_1= structure(.Data= c(1.78152E-01, 2.69925E-01, 2.94925E-01, 3.14016E-01, 4.99608E-01, 3.15957E-01, 2.67250E-01, 2.19800E-01, 2.08520E-02, 3.46575E-01, 1.80947E-01, 2.80427E-01, 4.47456E-01, 1.52831E-01, 1.17320E-01, 2.98878E-01, 3.37505E-01, 6.60026E-03, 8.47467E-02, 3.10440E-01, 5.33101E+01, 6.80761E+01, 4.12080E+01, 6.60071E+01, 3.69975E+01, 5.96899E+01, 6.00430E+01, 2.81708E+01, 3.25172E+00, 3.53093E+01, 1.87949E+01, 1.05722E+01, 2.28465E+01, 6.54613E+01, 1.02529E+01, 3.22994E+01, 1.75492E+01, 3.49972E+01, 2.21084E+01, 7.47905E+01), .Dim=c(2, 20)), gamma_1=4.31080E-01, gamma_2=c(3.92956E-01, 6.04852E-01), gamma_5=c(3.22101E-01, 5.57421E-01, 7.47895E-01), gamma_MN= structure(.Data= c(7.01656E-01, 1.60613E-01, 1.37731E-01, 8.34470E-01, 9.27417E-02, 7.27882E-02, 9.61276E-02, 1.12451E-01, 7.91421E-01, 4.35300E-02, 4.71790E-02, 9.09291E-01), .Dim=c(4, 3)))
