list(pi_plus_1= structure(.Data= c(4.34323E-01, 4.36114E-01, 3.98886E-01, 3.25752E-01, 3.64600E-01, 3.22203E-01, 9.66997E-02, 2.12064E-01, 2.81225E-01, 9.76123E-02, 3.22046E-01, 7.30480E-02, 1.71786E-01, 1.79277E-01, 4.26320E-01, 1.68656E-01, 1.05511E-01, 4.63384E-01, 1.71604E-01, 3.80698E-01, 5.01539E-01, 8.81611E-01, 7.25505E-01, 6.80083E-01, 5.60965E-01, 9.24593E-01, 8.37771E-01, 7.11092E-01, 5.65023E-01, 6.18088E-01, 6.21285E-01, 9.29049E-01, 6.22564E-01, 5.86974E-01, 5.76899E-01, 6.42069E-01, 6.17055E-01, 9.18227E-01, 7.31591E-01, 7.74681E-01), .Dim=c(2, 20)), gamma_1=1.98219E-01, gamma_2=c(5.77679E-02, 1.21108E-01), gamma_5=c(1.66924E-01, 1.72902E-01, 1.90481E-01), gamma_MN= structure(.Data= c(7.34273E-01, 2.24923E-01, 4.08033E-02, 7.65905E-01, 1.87799E-01, 4.62961E-02, 1.28241E-01, 1.39614E-01, 7.32145E-01, 8.64903E-02, 1.51182E-01, 7.62327E-01), .Dim=c(4, 3)))
