list(pi_plus_1= structure(.Data= c(1.03759E-01, 3.80356E-01, 2.81704E-01, 4.31412E-01, 3.73618E-01, 1.50693E-01, 2.72735E-01, 3.43654E-01, 3.25152E-01, 6.29381E-02, 4.36985E-01, 1.34769E-01, 1.87631E-01, 3.22844E-01, 3.97134E-01, 4.32354E-01, 3.76879E-01, 3.23935E-01, 4.91797E-01, 2.23465E-01, 9.10184E-01, 8.90699E-01, 6.02040E-01, 6.95343E-01, 9.40914E-01, 6.33138E-01, 9.01723E-01, 8.83864E-01, 7.71622E-01, 7.73721E-01, 8.59383E-01, 9.67419E-01, 9.34665E-01, 8.51426E-01, 6.59885E-01, 6.26795E-01, 7.74767E-01, 7.60441E-01, 8.72086E-01, 7.69635E-01), .Dim=c(2, 20)), gamma_1=6.24235E-01, gamma_2=c(7.87136E-01, 9.46115E-01), gamma_5=c(5.91604E-01, 7.35740E-01, 7.84360E-01), gamma_MN= structure(.Data= c(8.40175E-01, 8.17014E-02, 7.81235E-02, 8.46824E-01, 9.41188E-02, 5.90567E-02, 5.46206E-02, 1.73040E-01, 7.72339E-01, 4.65002E-02, 1.69977E-01, 7.83523E-01), .Dim=c(4, 3)))
