list(tau.e=0.01, beta.0= 10, beta.1=  5, beta.2= 10)
