list(tau.e= 10, beta.0=  5, beta.1= 10, beta.2=  5)
