list(n= 50, x1=c(  4,  11,  11,  11,  12,  12,  12,  13,  13,  13,  13,  13,  13,  14,  14,  14,  14,  14,  14,  14,  14,  14,  14,  14,  15,  15,  15,  15,  15,  15,  15,  15,  15,  15,  15,  15,  15,  15,  15,  15,  16,  16,  16,  16,  16,  16,  16,  16,  16,  16), x2=c(  3,  12,  14,  17,   9,  11,  12,  11,  12,  13,  15,  17,  17,   8,  13,  13,  14,  14,  15,  15,  16,  16,  17,  17,   7,   8,  12,  12,  12,  14,  14,  15,  15,  15,  16,  16,  16,  17,  17,  18,  14,  16,  17,  17,  18,  18,  18,  18,  18,  18), y=c(  1,  11,   9,   8,   6,  10,   8,   4,  14,  15,  11,  13,  15,   9,  12,  12,  13,  14,  12,  14,  14,  15,  14,  14,  13,   9,  11,  12,  14,  11,  12,  13,  14,  15,  12,  13,  15,  14,  15,  14,  12,  15,  11,  12,  13,  14,  14,  15,  15,  15))
