list(J=10, x=c(1,0,1,0,1,1,1,1,0,1), alpha=6, beta=6)
