list(n=3, x=c(70, 80, 96))
