list(T=c(7.50000E+01, 1.00000E+02, 5.00000E+01))
