list(T=c(1.00000E+02, 5.00000E+01, 7.50000E+01))
