list(tau=c(3.00E+00, 3.00E+00, 3.00E+00, 3.00E+00, 3.00E+00), lambda=c(3.00E+00, 3.00E+00, 3.00E+00, 3.00E+00, 3.00E+00), inv.psi=c(2.00E+00, 2.00E+00, 2.00E+00, 2.00E+00, 2.00E+00))
