list(n=5.00E+02, J=5.00E+00, x= structure(.Data= c(4.00E+00, 3.38E+00, 4.67E+00, 2.60E+00, 3.20E+00, 2.57E+00, 3.00E+00, 3.50E+00, 2.40E+00, 2.80E+00, 2.29E+00, 3.29E+00, 4.83E+00, 2.00E+00, 3.40E+00, 2.43E+00, 3.63E+00, 4.33E+00, 3.60E+00, 3.80E+00, 3.00E+00, 4.00E+00, 4.83E+00, 3.40E+00, 3.80E+00, 3.29E+00, 3.88E+00, 4.33E+00, 3.20E+00, 4.40E+00, 3.43E+00, 3.75E+00, 4.33E+00, 2.40E+00, 3.40E+00, 4.43E+00, 5.00E+00, 5.00E+00, 3.40E+00, 4.80E+00, 4.00E+00, 3.88E+00, 4.50E+00, 4.00E+00, 4.00E+00, 3.43E+00, 3.13E+00, 4.17E+00, 3.40E+00, 2.80E+00, 3.86E+00, 4.25E+00, 4.83E+00, 2.00E+00, 4.40E+00, 2.43E+00, 3.63E+00, 4.50E+00, 2.00E+00, 2.60E+00, 3.14E+00, 3.88E+00, 4.33E+00, 3.00E+00, 4.00E+00, 4.29E+00, 5.00E+00, 5.00E+00, 4.60E+00, 4.60E+00, 3.43E+00, 4.25E+00, 4.83E+00, 3.20E+00, 4.20E+00, 2.71E+00, 3.38E+00, 3.83E+00, 2.80E+00, 2.80E+00, 3.00E+00, 4.25E+00, 5.00E+00, 3.00E+00, 4.60E+00, 5.00E+00, 4.75E+00, 5.00E+00, 4.00E+00, 4.20E+00, 3.43E+00, 4.25E+00, 5.00E+00, 4.40E+00, 3.40E+00, 3.29E+00, 3.88E+00, 4.17E+00, 3.00E+00, 3.40E+00, 3.43E+00, 4.38E+00, 5.00E+00, 3.00E+00, 3.60E+00, 3.57E+00, 4.25E+00, 4.83E+00, 3.20E+00, 3.20E+00, 2.14E+00, 3.50E+00, 4.17E+00, 2.40E+00, 2.20E+00, 3.29E+00, 3.50E+00, 4.00E+00, 2.80E+00, 3.40E+00, 4.86E+00, 4.50E+00, 5.00E+00, 3.00E+00, 4.20E+00, 3.86E+00, 2.63E+00, 3.50E+00, 2.60E+00, 3.40E+00, 3.43E+00, 4.25E+00, 4.67E+00, 3.00E+00, 3.20E+00, 5.00E+00, 4.50E+00, 5.00E+00, 5.00E+00, 5.00E+00, 3.86E+00, 4.88E+00, 4.83E+00, 4.80E+00, 5.00E+00, 2.86E+00, 4.38E+00, 4.83E+00, 2.00E+00, 3.80E+00, 3.57E+00, 4.00E+00, 4.83E+00, 4.20E+00, 4.60E+00, 4.43E+00, 5.00E+00, 5.00E+00, 4.60E+00, 5.00E+00, 3.71E+00, 3.88E+00, 4.33E+00, 3.20E+00, 4.00E+00, 3.71E+00, 4.63E+00, 5.00E+00, 3.60E+00, 4.20E+00, 3.00E+00, 3.50E+00, 5.00E+00, 2.00E+00, 4.00E+00, 3.71E+00, 4.25E+00, 3.17E+00, 3.40E+00, 3.80E+00, 3.29E+00, 4.25E+00, 5.00E+00, 1.20E+00, 1.40E+00, 3.43E+00, 3.25E+00, 4.83E+00, 3.00E+00, 3.60E+00, 2.14E+00, 3.88E+00, 4.67E+00, 2.40E+00, 2.80E+00, 4.00E+00, 3.50E+00, 4.83E+00, 3.60E+00, 3.40E+00, 2.86E+00, 3.38E+00, 4.83E+00, 3.00E+00, 4.20E+00, 2.71E+00, 3.75E+00, 4.83E+00, 2.80E+00, 4.20E+00, 2.86E+00, 4.13E+00, 4.33E+00, 3.00E+00, 3.60E+00, 3.00E+00, 4.38E+00, 5.00E+00, 2.00E+00, 3.00E+00, 3.86E+00, 3.38E+00, 4.83E+00, 1.80E+00, 4.20E+00, 1.43E+00, 3.50E+00, 4.00E+00, 4.00E+00, 4.20E+00, 4.86E+00, 3.63E+00, 3.33E+00, 3.20E+00, 3.00E+00, 3.00E+00, 4.13E+00, 5.00E+00, 2.80E+00, 4.80E+00, 5.00E+00, 3.75E+00, 4.83E+00, 4.40E+00, 5.00E+00, 4.00E+00, 4.00E+00, 4.17E+00, 4.00E+00, 4.00E+00, 2.57E+00, 4.38E+00, 5.00E+00, 3.00E+00, 3.40E+00, 3.00E+00, 3.13E+00, 4.83E+00, 1.40E+00, 2.80E+00, 3.57E+00, 4.38E+00, 5.00E+00, 1.40E+00, 4.40E+00, 2.71E+00, 3.88E+00, 5.00E+00, 2.80E+00, 4.00E+00, 2.86E+00, 4.38E+00, 5.00E+00, 3.20E+00, 4.40E+00, 2.43E+00, 3.00E+00, 3.67E+00, 2.60E+00, 3.00E+00, 1.17E+00, 1.75E+00, 3.33E+00, 1.00E+00, 1.00E+00, 3.71E+00, 4.50E+00, 5.00E+00, 4.20E+00, 4.40E+00, 3.57E+00, 4.75E+00, 5.00E+00, 4.40E+00, 5.00E+00, 2.71E+00, 3.38E+00, 4.67E+00, 2.60E+00, 3.40E+00, 4.00E+00, 4.38E+00, 5.00E+00, 3.20E+00, 4.60E+00, 4.43E+00, 4.63E+00, 5.00E+00, 3.00E+00, 3.40E+00, 2.57E+00, 3.75E+00, 4.83E+00, 2.60E+00, 3.20E+00, 3.43E+00, 4.38E+00, 4.67E+00, 3.00E+00, 3.80E+00, 3.43E+00, 4.38E+00, 5.00E+00, 3.00E+00, 4.40E+00, 1.86E+00, 1.63E+00, 3.83E+00, 1.00E+00, 1.40E+00, 3.00E+00, 3.50E+00, 4.83E+00, 2.60E+00, 3.60E+00, 5.00E+00, 5.00E+00, 5.00E+00, 5.00E+00, 5.00E+00, 2.57E+00, 3.75E+00, 4.67E+00, 3.20E+00, 4.20E+00, 3.50E+00, 4.13E+00, 4.83E+00, 3.00E+00, 3.40E+00, 3.57E+00, 4.13E+00, 4.67E+00, 1.00E+00, 2.60E+00, 4.00E+00, 4.00E+00, 4.67E+00, 3.20E+00, 4.80E+00, 3.71E+00, 4.00E+00, 4.83E+00, 3.00E+00, 4.40E+00, 4.57E+00, 4.38E+00, 4.83E+00, 3.20E+00, 3.60E+00, 4.43E+00, 4.88E+00, 5.00E+00, 4.00E+00, 4.40E+00, 4.71E+00, 5.00E+00, 5.00E+00, 4.20E+00, 5.00E+00, 3.43E+00, 3.75E+00, 4.83E+00, 3.40E+00, 4.00E+00, 2.43E+00, 3.88E+00, 4.83E+00, 2.40E+00, 3.80E+00, 3.71E+00, 5.00E+00, 5.00E+00, 3.40E+00, 5.00E+00, 1.29E+00, 3.75E+00, 4.00E+00, 1.00E+00, 2.60E+00, 3.43E+00, 3.88E+00, 5.00E+00, 3.00E+00, 3.80E+00, 2.71E+00, 3.63E+00, 4.20E+00, 1.80E+00, 3.00E+00, 2.29E+00, 4.00E+00, 5.00E+00, 2.20E+00, 4.40E+00, 1.57E+00, 2.75E+00, 3.17E+00, 1.00E+00, 2.40E+00, 3.71E+00, 4.50E+00, 5.00E+00, 3.20E+00, 3.60E+00, 3.71E+00, 3.63E+00, 4.17E+00, 3.80E+00, 3.80E+00, 3.71E+00, 4.75E+00, 5.00E+00, 4.80E+00, 5.00E+00, 4.14E+00, 3.25E+00, 5.00E+00, 1.40E+00, 4.00E+00, 3.71E+00, 4.00E+00, 4.83E+00, 3.80E+00, 4.60E+00, 3.86E+00, 3.63E+00, 4.83E+00, 3.00E+00, 3.75E+00, 3.71E+00, 2.88E+00, 4.83E+00, 2.40E+00, 3.00E+00, 4.86E+00, 4.38E+00, 5.00E+00, 3.60E+00, 3.80E+00, 4.00E+00, 4.25E+00, 4.33E+00, 3.80E+00, 3.40E+00, 4.43E+00, 4.38E+00, 5.00E+00, 2.80E+00, 2.80E+00, 4.29E+00, 4.75E+00, 5.00E+00, 3.20E+00, 3.60E+00, 4.86E+00, 3.75E+00, 4.83E+00, 2.00E+00, 2.40E+00, 4.71E+00, 4.38E+00, 5.00E+00, 4.60E+00, 4.80E+00, 3.71E+00, 4.38E+00, 5.00E+00, 4.40E+00, 5.00E+00, 2.57E+00, 3.63E+00, 4.50E+00, 2.00E+00, 2.80E+00, 4.14E+00, 4.50E+00, 5.00E+00, 3.40E+00, 5.00E+00, 1.57E+00, 1.38E+00, 2.67E+00, 1.00E+00, 2.60E+00, 2.33E+00, 4.13E+00, 4.50E+00, 2.40E+00, 4.00E+00, 3.86E+00, 4.63E+00, 4.67E+00, 3.40E+00, 4.40E+00, 3.71E+00, 4.38E+00, 5.00E+00, 3.00E+00, 3.60E+00, 4.00E+00, 3.88E+00, 4.50E+00, 4.00E+00, 3.80E+00, 2.71E+00, 3.50E+00, 4.83E+00, 2.40E+00, 3.00E+00, 3.57E+00, 4.00E+00, 4.83E+00, 2.60E+00, 3.20E+00, 4.43E+00, 3.50E+00, 5.00E+00, 3.50E+00, 4.80E+00, 3.57E+00, 4.63E+00, 5.00E+00, 3.40E+00, 4.60E+00, 2.83E+00, 4.63E+00, 5.00E+00, 3.40E+00, 4.20E+00, 2.14E+00, 2.50E+00, 4.00E+00, 2.80E+00, 3.20E+00, 3.14E+00, 4.00E+00, 4.50E+00, 2.80E+00, 3.40E+00, 3.43E+00, 4.13E+00, 4.33E+00, 3.20E+00, 3.80E+00, 4.71E+00, 3.88E+00, 5.00E+00, 4.20E+00, 4.00E+00, 2.00E+00, 3.13E+00, 4.00E+00, 2.20E+00, 3.20E+00, 4.00E+00, 4.13E+00, 4.17E+00, 4.00E+00, 4.00E+00, 3.57E+00, 3.88E+00, 3.33E+00, 3.80E+00, 3.80E+00, 4.29E+00, 3.25E+00, 4.33E+00, 3.40E+00, 3.80E+00, 3.14E+00, 4.13E+00, 4.33E+00, 2.20E+00, 3.80E+00, 3.29E+00, 3.63E+00, 4.50E+00, 3.80E+00, 4.00E+00, 2.14E+00, 3.25E+00, 5.00E+00, 2.80E+00, 4.40E+00, 4.00E+00, 4.50E+00, 5.00E+00, 4.20E+00, 5.00E+00, 1.86E+00, 3.38E+00, 4.17E+00, 1.60E+00, 2.40E+00, 2.86E+00, 4.13E+00, 5.00E+00, 3.00E+00, 4.80E+00, 2.86E+00, 3.50E+00, 4.50E+00, 2.40E+00, 3.20E+00, 4.00E+00, 3.88E+00, 4.83E+00, 2.80E+00, 3.40E+00, 4.00E+00, 4.13E+00, 5.00E+00, 3.00E+00, 3.60E+00, 3.00E+00, 4.50E+00, 4.83E+00, 3.00E+00, 4.00E+00, 4.29E+00, 4.13E+00, 4.83E+00, 3.40E+00, 4.60E+00, 2.86E+00, 3.13E+00, 4.33E+00, 2.80E+00, 3.40E+00, 3.14E+00, 3.88E+00, 4.50E+00, 3.00E+00, 4.00E+00, 2.71E+00, 4.38E+00, 4.83E+00, 2.00E+00, 3.80E+00, 3.43E+00, 3.63E+00, 4.67E+00, 1.40E+00, 3.20E+00, 1.86E+00, 2.63E+00, 3.83E+00, 4.00E+00, 4.20E+00, 5.00E+00, 4.25E+00, 5.00E+00, 3.80E+00, 5.00E+00, 3.29E+00, 3.13E+00, 4.33E+00, 2.80E+00, 3.00E+00, 2.57E+00, 3.50E+00, 4.83E+00, 3.40E+00, 4.00E+00, 5.00E+00, 4.88E+00, 5.00E+00, 4.80E+00, 5.00E+00, 3.57E+00, 4.25E+00, 4.83E+00, 3.00E+00, 3.80E+00, 3.71E+00, 3.63E+00, 4.00E+00, 2.80E+00, 4.00E+00, 3.29E+00, 3.50E+00, 4.67E+00, 2.80E+00, 4.00E+00, 3.14E+00, 4.00E+00, 5.00E+00, 3.60E+00, 5.00E+00, 3.43E+00, 4.38E+00, 5.00E+00, 3.00E+00, 3.80E+00, 3.14E+00, 3.75E+00, 4.67E+00, 3.80E+00, 4.40E+00, 2.43E+00, 3.13E+00, 3.17E+00, 3.00E+00, 3.60E+00, 2.43E+00, 3.25E+00, 4.83E+00, 2.20E+00, 3.00E+00, 3.29E+00, 3.75E+00, 4.17E+00, 3.20E+00, 4.00E+00, 2.14E+00, 3.63E+00, 4.33E+00, 2.00E+00, 3.60E+00, 1.00E+00, 1.38E+00, 3.33E+00, 1.00E+00, 1.00E+00, 3.14E+00, 3.88E+00, 4.83E+00, 3.00E+00, 3.40E+00, 3.29E+00, 3.00E+00, 4.00E+00, 2.00E+00, 3.60E+00, 2.71E+00, 3.50E+00, 5.00E+00, 1.60E+00, 3.20E+00, 3.29E+00, 4.50E+00, 5.00E+00, 3.20E+00, 3.40E+00, 2.57E+00, 3.50E+00, 4.17E+00, 2.00E+00, 2.00E+00, 4.00E+00, 4.00E+00, 4.00E+00, 4.00E+00, 4.00E+00, 5.00E+00, 4.00E+00, 4.83E+00, 3.60E+00, 3.00E+00, 3.29E+00, 3.88E+00, 3.67E+00, 3.00E+00, 3.00E+00, 3.86E+00, 4.00E+00, 4.33E+00, 3.80E+00, 4.00E+00, 2.86E+00, 3.25E+00, 4.17E+00, 3.00E+00, 3.60E+00,