list(T=c(7.81194E+01, 7.83293E+01, 7.94800E+01, 8.29717E+01, 7.84687E+01, 7.86431E+01, 7.93983E+01, 7.58987E+01, 8.26237E+01, 7.81881E+01), mu.T=9.50000E+01, tau.T=1.00000E+01, tau.E=1.00000E+01)
