list(T=c(5.88946E+01, 5.27665E+01, 5.27704E+01, 5.92127E+01, 5.47749E+01, 5.07307E+01, 5.56073E+01, 5.39847E+01, 5.48687E+01, 5.01066E+01), mu.T=4.50000E+01, tau.T=1.00000E+00, tau.E=1.00000E+00)
