list(T=c(9.95256E+01, 9.40573E+01, 9.46773E+01, 9.61362E+01, 9.11136E+01, 9.60785E+01, 9.89409E+01, 9.66612E+01, 9.17922E+01, 9.53685E+01), mu.T=8.50000E+01, tau.T=1.00000E-01, tau.E=1.00000E-01)
