list(d= structure(.Data= c( NA, 3.00E+00, 1.00E+00, 0.00E+00, -1.00E+00,  NA, 3.00E+00, 1.00E+00, 0.00E+00, -1.00E+00,  NA, 3.00E+00, 1.00E+00, 0.00E+00, -1.00E+00,  NA, 3.00E+00, 1.00E+00, 0.00E+00, -1.00E+00,  NA, 3.00E+00, 1.00E+00, 0.00E+00, -1.00E+00,  NA, 3.00E+00, 1.00E+00, 0.00E+00, -1.00E+00,  NA, 3.00E+00, 1.00E+00, 0.00E+00, -1.00E+00), .Dim=c(7, 5)), a=c(1.00E-01, 1.00E-01, 1.00E-01, 1.00E-01, 1.00E-01, 1.00E-01, 1.00E-01))
