list(n=1.00E+03, J=5.00E+00, x= structure(.Data= c(0.00E+00, 0.00E+00, 0.00E+00, 0.00E+00, 0.00E+00, 0.00E+00, 0.00E+00, 0.00E+00, 0.00E+00, 0.00E+00, 0.00E+00, 0.00E+00, 0.00E+00, 0.00E+00, 0.00E+00, 0.00E+00, 0.00E+00, 0.00E+00, 0.00E+00, 1.00E+00, 0.00E+00, 0.00E+00, 0.00E+00, 0.00E+00, 1.00E+00, 0.00E+00, 0.00E+00, 0.00E+00, 0.00E+00, 1.00E+00, 0.00E+00, 0.00E+00, 0.00E+00, 0.00E+00, 1.00E+00, 0.00E+00, 0.00E+00, 0.00E+00, 0.00E+00, 1.00E+00, 0.00E+00, 0.00E+00, 0.00E+00, 0.00E+00, 1.00E+00, 0.00E+00, 0.00E+00, 0.00E+00, 1.00E+00, 0.00E+00, 0.00E+00, 0.00E+00, 0.00E+00, 1.00E+00, 0.00E+00, 0.00E+00, 0.00E+00, 0.00E+00, 1.00E+00, 1.00E+00, 0.00E+00, 0.00E+00, 0.00E+00, 1.00E+00, 1.00E+00, 0.00E+00, 0.00E+00, 0.00E+00, 1.00E+00, 1.00E+00, 0.00E+00, 0.00E+00, 0.00E+00, 1.00E+00, 1.00E+00, 0.00E+00, 0.00E+00, 0.00E+00, 1.00E+00, 1.00E+00, 0.00E+00, 0.00E+00, 0.00E+00, 1.00E+00, 1.00E+00, 0.00E+00, 0.00E+00, 0.00E+00, 1.00E+00, 1.00E+00, 0.00E+00, 0.00E+00, 0.00E+00, 1.00E+00, 1.00E+00, 0.00E+00, 0.00E+00, 0.00E+00, 1.00E+00, 1.00E+00, 0.00E+00, 0.00E+00, 0.00E+00, 1.00E+00, 1.00E+00, 0.00E+00, 0.00E+00, 0.00E+00, 1.00E+00, 1.00E+00, 0.00E+00, 0.00E+00, 1.00E+00, 0.00E+00, 0.00E+00, 0.00E+00, 0.00E+00, 1.00E+00, 0.00E+00, 1.00E+00, 0.00E+00, 0.00E+00, 1.00E+00, 1.00E+00, 0.00E+00, 0.00E+00, 0.00E+00, 1.00E+00, 1.00E+00, 0.00E+00, 0.00E+00, 0.00E+00, 1.00E+00, 1.00E+00, 0.00E+00, 0.00E+00, 0.00E+00, 1.00E+00, 1.00E+00, 1.00E+00, 0.00E+00, 0.00E+00, 1.00E+00, 1.00E+00, 1.00E+00, 0.00E+00, 0.00E+00, 1.00E+00, 1.00E+00, 1.00E+00, 0.00E+00, 0.00E+00, 1.00E+00, 1.00E+00, 1.00E+00, 0.00E+00, 1.00E+00, 0.00E+00, 0.00E+00, 0.00E+00, 0.00E+00, 1.00E+00, 0.00E+00, 0.00E+00, 1.00E+00, 0.00E+00, 1.00E+00, 0.00E+00, 0.00E+00, 1.00E+00, 0.00E+00, 1.00E+00, 0.00E+00, 0.00E+00, 1.00E+00, 0.00E+00, 1.00E+00, 0.00E+00, 0.00E+00, 1.00E+00, 0.00E+00, 1.00E+00, 0.00E+00, 0.00E+00, 1.00E+00, 0.00E+00, 1.00E+00, 0.00E+00, 0.00E+00, 1.00E+00, 0.00E+00, 1.00E+00, 0.00E+00, 0.00E+00, 1.00E+00, 0.00E+00, 1.00E+00, 0.00E+00, 0.00E+00, 1.00E+00, 0.00E+00, 1.00E+00, 0.00E+00, 1.00E+00, 1.00E+00, 0.00E+00, 1.00E+00, 0.00E+00, 1.00E+00, 1.00E+00, 0.00E+00, 1.00E+00, 0.00E+00, 1.00E+00, 1.00E+00, 0.00E+00, 1.00E+00, 0.00E+00, 1.00E+00, 1.00E+00, 0.00E+00, 1.00E+00, 0.00E+00, 1.00E+00, 1.00E+00, 0.00E+00, 1.00E+00, 0.00E+00, 1.00E+00, 1.00E+00, 0.00E+00, 1.00E+00, 0.00E+00, 1.00E+00, 1.00E+00, 0.00E+00, 1.00E+00, 0.00E+00, 1.00E+00, 1.00E+00, 0.00E+00, 1.00E+00, 0.00E+00, 1.00E+00, 1.00E+00, 0.00E+00, 1.00E+00, 0.00E+00, 1.00E+00, 1.00E+00, 0.00E+00, 1.00E+00, 0.00E+00, 1.00E+00, 1.00E+00, 0.00E+00, 1.00E+00, 0.00E+00, 1.00E+00, 1.00E+00, 0.00E+00, 1.00E+00, 0.00E+00, 1.00E+00, 1.00E+00, 0.00E+00, 1.00E+00, 0.00E+00, 1.00E+00, 1.00E+00, 0.00E+00, 1.00E+00, 0.00E+00, 1.00E+00, 1.00E+00, 0.00E+00, 1.00E+00, 0.00E+00, 1.00E+00, 1.00E+00, 0.00E+00, 1.00E+00, 1.00E+00, 0.00E+00, 1.00E+00, 0.00E+00, 1.00E+00, 1.00E+00, 0.00E+00, 1.00E+00, 0.00E+00, 1.00E+00, 1.00E+00, 0.00E+00, 1.00E+00, 0.00E+00, 1.00E+00, 1.00E+00, 1.00E+00, 0.00E+00, 0.00E+00, 1.00E+00, 1.00E+00, 1.00E+00, 0.00E+00, 0.00E+00, 1.00E+00, 1.00E+00, 1.00E+00, 1.00E+00, 0.00E+00, 1.00E+00, 1.00E+00, 1.00E+00, 1.00E+00, 0.00E+00, 1.00E+00, 1.00E+00, 1.00E+00, 1.00E+00, 0.00E+00, 1.00E+00, 1.00E+00, 1.00E+00, 1.00E+00, 0.00E+00, 1.00E+00, 1.00E+00, 1.00E+00, 1.00E+00, 0.00E+00, 1.00E+00, 1.00E+00, 1.00E+00, 1.00E+00, 0.00E+00, 1.00E+00, 1.00E+00, 1.00E+00, 1.00E+00, 0.00E+00, 1.00E+00, 1.00E+00, 1.00E+00, 1.00E+00, 0.00E+00, 1.00E+00, 1.00E+00, 1.00E+00, 1.00E+00, 0.00E+00, 1.00E+00, 1.00E+00, 1.00E+00, 1.00E+00, 0.00E+00, 1.00E+00, 1.00E+00, 1.00E+00, 1.00E+00, 0.00E+00, 1.00E+00, 1.00E+00, 1.00E+00, 1.00E+00, 0.00E+00, 1.00E+00, 1.00E+00, 1.00E+00, 1.00E+00, 0.00E+00, 1.00E+00, 1.00E+00, 1.00E+00, 1.00E+00, 0.00E+00, 1.00E+00, 1.00E+00, 1.00E+00, 1.00E+00, 1.00E+00, 0.00E+00, 0.00E+00, 0.00E+00, 0.00E+00, 1.00E+00, 0.00E+00, 0.00E+00, 0.00E+00, 0.00E+00, 1.00E+00, 0.00E+00, 0.00E+00, 0.00E+00, 0.00E+00, 1.00E+00, 0.00E+00, 0.00E+00, 0.00E+00, 0.00E+00, 1.00E+00, 0.00E+00, 0.00E+00, 0.00E+00, 0.00E+00, 1.00E+00, 0.00E+00, 0.00E+00, 0.00E+00, 0.00E+00, 1.00E+00, 0.00E+00, 0.00E+00, 0.00E+00, 0.00E+00, 1.00E+00, 0.00E+00, 0.00E+00, 0.00E+00, 0.00E+00, 1.00E+00, 0.00E+00, 0.00E+00, 0.00E+00, 0.00E+00, 1.00E+00, 0.00E+00, 0.00E+00, 0.00E+00, 0.00E+00, 1.00E+00, 0.00E+00, 0.00E+00, 0.00E+00, 1.00E+00, 1.00E+00, 0.00E+00, 0.00E+00, 0.00E+00, 1.00E+00, 1.00E+00, 0.00E+00, 0.00E+00, 0.00E+00, 1.00E+00, 1.00E+00, 0.00E+00, 0.00E+00, 0.00E+00, 1.00E+00, 1.00E+00, 0.00E+00, 0.00E+00, 0.00E+00, 1.00E+00, 1.00E+00, 0.00E+00, 0.00E+00, 0.00E+00, 1.00E+00, 1.00E+00, 0.00E+00, 0.00E+00, 0.00E+00, 1.00E+00, 1.00E+00, 0.00E+00, 0.00E+00, 0.00E+00, 1.00E+00, 1.00E+00, 0.00E+00, 0.00E+00, 0.00E+00, 1.00E+00, 1.00E+00, 0.00E+00, 0.00E+00, 0.00E+00, 1.00E+00, 1.00E+00, 0.00E+00, 0.00E+00, 0.00E+00, 1.00E+00, 1.00E+00, 0.00E+00, 0.00E+00, 0.00E+00, 1.00E+00, 1.00E+00, 0.00E+00, 0.00E+00, 0.00E+00, 1.00E+00, 1.00E+00, 0.00E+00, 0.00E+00, 0.00E+00, 1.00E+00, 1.00E+00, 0.00E+00, 0.00E+00, 0.00E+00, 1.00E+00, 1.00E+00, 0.00E+00, 0.00E+00, 0.00E+00, 1.00E+00, 1.00E+00, 0.00E+00, 0.00E+00, 0.00E+00, 1.00E+00, 1.00E+00, 0.00E+00, 0.00E+00, 0.00E+00, 1.00E+00, 1.00E+00, 0.00E+00, 0.00E+00, 0.00E+00, 1.00E+00, 1.00E+00, 0.00E+00, 0.00E+00, 0.00E+00, 1.00E+00, 1.00E+00, 0.00E+00, 0.00E+00, 0.00E+00, 1.00E+00, 1.00E+00, 0.00E+00, 0.00E+00, 0.00E+00, 1.00E+00, 1.00E+00, 0.00E+00, 0.00E+00, 0.00E+00, 1.00E+00, 1.00E+00, 0.00E+00, 0.00E+00, 0.00E+00, 1.00E+00, 1.00E+00, 0.00E+00, 0.00E+00, 0.00E+00, 1.00E+00, 1.00E+00, 0.00E+00, 0.00E+00, 0.00E+00, 1.00E+00, 1.00E+00, 0.00E+00, 0.00E+00, 0.00E+00, 1.00E+00, 1.00E+00, 0.00E+00, 0.00E+00, 0.00E+00, 1.00E+00, 1.00E+00, 0.00E+00, 0.00E+00, 0.00E+00, 1.00E+00, 1.00E+00, 0.00E+00, 0.00E+00, 1.00E+00, 0.00E+00, 1.00E+00, 0.00E+00, 0.00E+00, 1.00E+00, 0.00E+00, 1.00E+00, 0.00E+00, 0.00E+00, 1.00E+00, 0.00E+00, 1.00E+00, 0.00E+00, 0.00E+00, 1.00E+00, 0.00E+00, 1.00E+00, 0.00E+00, 0.00E+00, 1.00E+00, 0.00E+00, 1.00E+00, 0.00E+00, 0.00E+00, 1.00E+00, 0.00E+00, 1.00E+00, 0.00E+00, 0.00E+00, 1.00E+00, 0.00E+00, 1.00E+00, 0.00E+00, 0.00E+00, 1.00E+00, 0.00E+00, 1.00E+00, 0.00E+00, 0.00E+00, 1.00E+00, 0.00E+00, 1.00E+00, 0.00E+00, 0.00E+00, 1.00E+00, 0.00E+00, 1.00E+00, 0.00E+00, 0.00E+00, 1.00E+00, 0.00E+00, 1.00E+00, 0.00E+00, 0.00E+00, 1.00E+00, 0.00E+00, 1.00E+00, 0.00E+00, 0.00E+00, 1.00E+00, 0.00E+00, 1.00E+00, 0.00E+00, 0.00E+00, 1.00E+00, 0.00E+00, 1.00E+00, 0.00E+00, 0.00E+00, 1.00E+00, 1.00E+00, 1.00E+00, 0.00E+00, 0.00E+00, 1.00E+00, 1.00E+00, 1.00E+00, 0.00E+00, 0.00E+00, 1.00E+00, 1.00E+00, 1.00E+00, 0.00E+00, 0.00E+00, 1.00E+00, 1.00E+00, 1.00E+00, 0.00E+00, 0.00E+00, 1.00E+00, 1.00E+00, 1.00E+00, 0.00E+00, 0.00E+00, 1.00E+00, 1.00E+00, 1.00E+00, 0.00E+00, 0.00E+00, 1.00E+00, 1.00E+00, 1.00E+00, 0.00E+00, 0.00E+00, 1.00E+00, 1.00E+00, 1.00E+00, 0.00E+00, 0.00E+00, 1.00E+00, 1.00E+00, 1.00E+00, 0.00E+00, 0.00E+00, 1.00E+00, 1.00E+00, 1.00E+00, 0.00E+00, 0.00E+00, 1.00E+00, 1.00E+00, 1.00E+00, 0.00E+00, 0.00E+00, 1.00E+00, 1.00E+00, 1.00E+00, 0.00E+00, 0.00E+00, 1.00E+00, 1.00E+00, 1.00E+00, 0.00E+00, 0.00E+00, 1.00E+00, 1.00E+00, 1.00E+00, 0.00E+00, 0.00E+00, 1.00E+00, 1.00E+00, 1.00E+00, 0.00E+00, 0.00E+00, 1.00E+00, 1.00E+00, 1.00E+00, 0.00E+00, 0.00E+00, 1.00E+00, 1.00E+00, 1.00E+00, 0.00E+00, 0.00E+00, 1.00E+00, 1.00E+00, 1.00E+00, 0.00E+00, 0.00E+00, 1.00E+00, 1.00E+00, 1.00E+00, 0.00E+00, 0.00E+00, 1.00E+00, 1.00E+00, 1.00E+00, 0.00E+00, 0.00E+00, 1.00E+00, 1.00E+00, 1.00E+00, 0.00E+00, 0.00E+00, 1.00E+00, 1.00E+00, 1.00E+00, 0.00E+00, 0.00E+00, 1.00E+00, 1.00E+00, 1.00E+00, 0.00E+00, 0.00E+00, 1.00E+00, 1.00E+00, 1.00E+00, 0.00E+00, 0.00E+00, 1.00E+00, 1.00E+00, 1.00E+00, 0.00E+00, 0.00E+00, 1.00E+00, 1.00E+00, 1.00E+00, 0.00E+00, 0.00E+00, 1.00E+00, 1.00E+00, 1.00E+00, 0.00E+00, 0.00E+00, 1.00E+00, 1.00E+00, 1.00E+00, 0.00E+00, 0.00E+00, 1.00E+00, 1.00E+00, 1.00E+00, 0.00E+00, 0.00E+00, 1.00E+00, 1.00E+00,