list(d=c(3.00E+00, 3.00E+00, 3.00E+00, 3.00E+00, 3.00E+00), a=c(1.00E-01, 1.00E-01, 1.00E-01, 1.00E-01, 1.00E-01), c=c(5.00E-02, 5.00E-02, 5.00E-02, 5.00E-02, 5.00E-02))
