list(d=c(-3.00E+00, -3.00E+00, -3.00E+00, -3.00E+00, -3.00E+00), a=c(3.00E+00, 3.00E+00, 3.00E+00, 3.00E+00, 3.00E+00), c=c(5.00E-01, 5.00E-01, 5.00E-01, 5.00E-01, 5.00E-01))
