list(d=c(1.00E+00, 1.00E+00, 1.00E+00, 1.00E+00, 1.00E+00), a=c(1.00E+00, 1.00E+00, 1.00E+00, 1.00E+00, 1.00E+00), c=c(2.00E-01, 2.00E-01, 2.00E-01, 2.00E-01, 2.00E-01))
