list(n=10,  x=c(91, 85, 72, 87, 71, 77, 88, 94, 84, 92))
