list(gamma=c(1.00000E-01, 9.00000E-01), pi= structure(.Data= c(9.35165E-01, 8.68256E-01, 7.87585E-01, 9.36916E-01, 8.19626E-01, 7.02508E-01, 6.78078E-01, 9.20938E-01), .Dim=c(2, 4)))
