list(gamma=c(9.00000E-01, 1.00000E-01), pi= structure(.Data= c(8.48347E-02, 7.26664E-02, 2.16075E-01, 2.85908E-01, 4.68685E-01, 3.20441E-01, 4.35980E-01, 3.58166E-01), .Dim=c(2, 4)))
