list(gamma=c(1.00000E-01, 9.00000E-01), pi= structure(.Data= c(5.58828E-01, 6.17778E-01, 6.58388E-01, 7.65942E-01, 8.07250E-01, 8.44691E-01, 9.04763E-01, 8.82476E-01), .Dim=c(2, 4)))
