list(gamma=c(5.00000E-01, 5.00000E-01), pi= structure(.Data= c(3.15620E-01, 4.92114E-01, 2.93601E-01, 6.14057E-01, 4.77323E-01, 5.42862E-01, 4.43395E-01, 7.00772E-01), .Dim=c(2, 4)))
