list(gamma=c(9.00000E-01, 1.00000E-01), pi= structure(.Data= c(3.71017E-01, 1.95567E-01, 5.66946E-02, 4.90959E-02, 4.08421E-01, 4.74309E-01, 3.23145E-01, 1.90556E-01), .Dim=c(2, 4)))
